1 1 0.645963
1 1 0.647577
1 1 0.678677
1 1 0.642987
1 1 0.640502
1 4 0.186749
1 4 0.169071
1 4 0.170158
1 4 0.184836
1 4 0.167244
2 2 0.165836
2 2 0.166608
2 2 0.173542
2 2 0.198939
2 2 0.169485
4 1 0.188309
4 1 0.188849
4 1 0.168369
4 1 0.178874
4 1 0.194114
2 4 0.116418
2 4 0.112548
2 4 0.122495
2 4 0.209386
2 4 0.137461
4 2 0.137346
4 2 0.133373
4 2 0.204853
4 2 0.136799
4 2 0.156927
8 1 0.230851
8 1 0.139025
8 1 0.152007
8 1 0.221411
8 1 0.131734
3 4 0.124584
3 4 0.150019
3 4 0.156749
3 4 0.174995
3 4 0.129372
4 3 0.124931
4 3 0.138222
4 3 0.137544
4 3 0.182488
4 3 0.129176
6 2 0.200552
6 2 0.119997
6 2 0.137174
6 2 0.132139
6 2 0.147453
